-0.346514 -0.838139 0.000000 1.000000 1.000000
-0.756862 -0.796544 0.000000 1.000000 0.000000
1.284794 0.997820 1.000000 0.000000 0.000000
0.421587 1.266739 0.000000 0.000000 1.000000
-0.050441 -0.659771 0.000000 1.000000 1.000000
-0.338377 -0.939435 0.000000 0.000000 1.000000
1.061142 0.096012 1.000000 0.000000 0.000000
0.927370 1.089299 1.000000 0.000000 0.000000
0.443185 -0.730637 0.000000 0.000000 1.000000
0.570822 -0.124417 0.000000 1.000000 1.000000
-0.718066 -0.847954 0.000000 1.000000 0.000000
0.162971 -0.176272 0.000000 0.000000 1.000000
0.541153 0.289910 1.000000 1.000000 0.000000
-0.150413 -0.277427 0.000000 0.000000 1.000000
1.366827 3.259978 1.000000 0.000000 0.000000
-2.341566 -0.390993 0.000000 0.000000 1.000000
1.697789 0.171720 1.000000 1.000000 0.000000
-0.367576 -0.290719 0.000000 1.000000 0.000000
-0.992328 -1.089458 0.000000 0.000000 0.000000
-1.137592 1.969622 1.000000 0.000000 0.000000
-0.635953 -0.866538 1.000000 0.000000 1.000000
1.459791 0.379147 0.000000 0.000000 1.000000
-0.675593 -0.564239 0.000000 1.000000 1.000000
0.232232 -0.176949 0.000000 0.000000 0.000000
0.636832 0.750823 1.000000 0.000000 0.000000
0.833507 0.520805 1.000000 0.000000 0.000000
-1.172203 -0.967907 0.000000 1.000000 1.000000
-1.956519 -1.054477 0.000000 1.000000 1.000000
